name: IAMC_format_new
channels:
  - conda-forge
  - defaults
dependencies:
  - asttokens=2.4.1=pyhd8ed1ab_0
  - bzip2=1.0.8=h2466b09_7
  - ca-certificates=2024.7.4=h56e8100_0
  - colorama=0.4.6=pyhd8ed1ab_0
  - comm=0.2.2=pyhd8ed1ab_0
  - debugpy=1.8.2=py310h9e98ed7_0
  - decorator=5.1.1=pyhd8ed1ab_0
  - exceptiongroup=1.2.2=pyhd8ed1ab_0
  - executing=2.0.1=pyhd8ed1ab_0
  - importlib-metadata=8.0.0=pyha770c72_0
  - importlib_metadata=8.0.0=hd8ed1ab_0
  - ipykernel=6.29.5=pyh4bbf305_0
  - jedi=0.19.1=pyhd8ed1ab_0
  - jupyter_client=8.6.2=pyhd8ed1ab_0
  - jupyter_core=5.7.2=py310h5588dad_0
  - krb5=1.21.3=hdf4eb48_0
  - libffi=3.4.4=hd77b12b_1
  - libsodium=1.0.18=h8d14728_1
  - libsqlite=3.46.0=h2466b09_0
  - libzlib=1.2.13=h2466b09_6
  - matplotlib-inline=0.1.7=pyhd8ed1ab_0
  - nest-asyncio=1.6.0=pyhd8ed1ab_0
  - openssl=3.3.1=h2466b09_2
  - packaging=24.1=pyhd8ed1ab_0
  - parso=0.8.4=pyhd8ed1ab_0
  - pickleshare=0.7.5=py_1003
  - pip=24.0=pyhd8ed1ab_0
  - platformdirs=4.2.2=pyhd8ed1ab_0
  - plotly=5.22.0=py310h9909e9c_0
  - prompt-toolkit=3.0.47=pyha770c72_0
  - psutil=6.0.0=py310ha8f682b_0
  - pure_eval=0.2.2=pyhd8ed1ab_0
  - pygments=2.18.0=pyhd8ed1ab_0
  - python=3.10.14=h4de0772_0_cpython
  - python-dateutil=2.9.0=pyhd8ed1ab_0
  - python_abi=3.10=4_cp310
  - pywin32=306=py310h00ffb61_2
  - pyzmq=26.0.3=py310h656833d_0
  - setuptools=71.0.1=pyhd8ed1ab_0
  - six=1.16.0=pyh6c4a22f_0
  - sqlite=3.46.0=h2466b09_0
  - stack_data=0.6.2=pyhd8ed1ab_0
  - tenacity=8.2.3=py310haa95532_0
  - tk=8.6.14=h0416ee5_0
  - tornado=6.4.1=py310ha8f682b_0
  - traitlets=5.14.3=pyhd8ed1ab_0
  - typing_extensions=4.12.2=pyha770c72_0
  - tzdata=2024a=h0c530f3_0
  - ucrt=10.0.22621.0=h57928b3_0
  - vc=14.3=h8a93ad2_20
  - vc14_runtime=14.40.33810=ha82c5b3_20
  - vs2015_runtime=14.40.33810=h3bf8584_20
  - wcwidth=0.2.13=pyhd8ed1ab_0
  - wheel=0.43.0=pyhd8ed1ab_1
  - xz=5.4.6=h8cc25b3_1
  - zeromq=4.3.5=he1f189c_4
  - zipp=3.19.2=pyhd8ed1ab_0
  - zlib=1.2.13=h2466b09_6
  - pip:
      - attrs==23.2.0
      - backcall==0.2.0
      - beautifulsoup4==4.12.3
      - bleach==6.1.0
      - certifi==2024.7.4
      - charset-normalizer==3.3.2
      - defusedxml==0.7.1
      - docopt==0.6.2
      - fastjsonschema==2.20.0
      - fpdf==1.7.2
      - idna==3.7
      - ipython==8.12.3
      - jinja2==3.1.4
      - jsonschema==4.23.0
      - jsonschema-specifications==2023.12.1
      - jupyterlab-pygments==0.3.0
      - markupsafe==2.1.5
      - mistune==3.0.2
      - nbclient==0.10.0
      - nbconvert==7.16.4
      - nbformat==5.10.4
      - pandocfilters==1.5.1
      - pipreqs==0.5.0
      - referencing==0.35.1
      - requests==2.32.3
      - rpds-py==0.19.0
      - soupsieve==2.5
      - tinycss2==1.3.0
      - urllib3==2.2.2
      - webencodings==0.5.1
      - yarg==0.1.9
      - fpdf==1.7.2

